2030
234 85 55000
246 52 1122920
211 239 442320
236 63 473120
65 90 829800
2 229 905560
18 160 215840
237 71 1180560
211 94 166720
98 168 1188880
3 35 1150000
100 165 897880
31 90 1143120
216 103 82800
132 145 1073320
156 153 1296960
236 27 243640
19 28 1220480
22 139 148000
143 28 611240
158 29 1018160
179 177 560040
212 60 992880
141 104 245240
47 218 770680
176 237 188040
15 163 1301840
109 50 1057400
197 175 563560
46 43 496440
155 27 1268920
228 23 426000
185 147 361240
180 83 456440
150 75 1215040
36 201 643040
102 214 415320
187 195 123440
124 6 784600
145 71 384680
138 137 588000
246 252 433960
55 26 287840
50 11 89880
77 38 902640
147 238 98160
154 194 745480
132 208 811640
192 21 260200
226 180 603280
86 9 1000560
245 71 1047240
186 213 1000880
203 175 195600
218 53 163240
157 202 597440
197 210 855360
24 43 880160
12 191 1028120
5 79 883200
190 178 866160
40 157 1107560
215 66 671920
127 52 821200
86 90 1134760
65 210 84920
33 47 1148920
97 37 84880
48 72 267960
60 11 49800
71 38 278880
107 4 337560
167 3 481720
64 59 479800
141 53 1263360
162 83 820440
171 86 1014320
122 25 937640
216 85 99760
126 76 718240
44 72 831960
146 24 1236560
224 176 547520
72 67 342920
144 115 1137280
40 81 2160
70 3 998880
249 46 1230720
90 98 90640
51 15 1137160
217 77 1048560
225 120 273360
95 175 950080
112 154 219360
168 141 368480
70 28 276720
157 233 1305640
148 125 237200
84 229 822760
51 96 1270120
130 88 536560
186 79 378560
72 226 1226320
115 140 1120960
27 116 880840
81 190 584600
54 34 58120
243 99 500640
129 229 572200
240 162 1300000
141 187 162320
81 253 470120
25 41 1298120
57 70 963800
87 83 726720
156 80 727160
222 228 338640
251 96 979720
8 222 1053520
121 239 217520
40 124 1156320
78 200 325560
250 148 535200
220 202 808720
191 101 296200
78 115 965
199 228 13440
188 162 1048480
34 190 383240
187 181 683280
64 219 682640
250 39 106200
69 252 69520
249 43 1270400
68 215 960680
199 141 1090920
91 178 98280
59 195 164800
174 92 648280
249 112 78040
82 1 752440
27 235 1262440
51 219 399760
245 157 950640
50 130 1116440
70 196 784040
164 189 700600
225 212 87240
176 83 228280
100 25 370560
13 220 1210920
188 74 693440
69 88 985880
8 56 1186360
69 215 106560
52 141 960160
38 10 1116080
153 248 819600
40 217 1045520
85 215 806320
172 124 1194800
22 202 84240
196 102 129080
175 55 1300280
21 200 26840
89 143 394600
121 149 709560
83 131 667000
82 209 854840
144 176 177560
228 141 942080
72 186 287360
249 162 1218800
3 242 1080040
91 18 58320
229 17 1101240
131 155 407680
224 136 1090280
89 121 1067240
195 127 713320
68 48 256720
74 233 1004640
199 183 1029000
140 15 65000
101 135 942160
217 128 844160
214 135 324720
50 200 1289680
100 122 448320
99 11 634960
24 125 70320
5 43 797800
180 181 194720
204 157 169800
132 209 576400
58 75 918360
85 64 560000
128 215 475960
233 250 1187160
68 98 10920
199 231 230080
243 147 818960
55 139 1139880
246 133 1250520
89 218 161360
66 118 482840
208 91 551160
29 34 310680
251 97 362040
64 22 525600
228 125 308360
41 191 1253080
228 182 130200
199 248 161040
188 240 56640
129 103 45920
122 40 577760
61 104 722240
72 201 1058480
138 167 827960
16 24 521240
153 52 753040
104 184 448240
179 114 477440
8 161 987280
98 227 1259560
202 19 1040360
21 232 432160
62 187 998840
151 184 555640
153 217 425360
108 112 1066640
115 20 1065960
84 182 460960
150 246 278200
131 39 468480
208 107 283960
24 12 857160
89 131 365760
86 69 545
135 65 1155800
69 147 20720
92 68 834720
170 241 1175520
139 56 899640
220 193 745440
107 14 759800
21 54 428680
137 173 383920
87 174 664720
55 216 556880
199 206 472840
123 163 1019720
230 246 1248720
14 76 638960
107 85 722120
76 188 552160
10 19 6280
78 156 252600
115 183 533640
74 242 963480
137 142 1224720
79 171 1082440
158 32 1287160
172 220 139400
189 111 130440
252 135 375600
232 223 678600
57 86 1081560
125 91 278840
122 253 625360
72 102 456280
73 136 788920
107 133 168560
33 48 396440
70 86 1228640
125 54 1238320
49 184 1107560
83 153 222520
79 31 1241600
220 87 1182880
89 55 1292160
45 163 264400
74 244 1085520
165 141 1180000
212 123 1143280
189 126 207120
54 59 146280
177 133 929640
204 184 30720
102 118 1184640
162 106 251480
110 249 506640
105 176 949920
85 227 155000
159 91 923920
127 25 1152640
238 13 701880
127 126 1082440
90 122 858760
234 63 978680
215 227 357920
164 146 562880
178 107 779160
188 112 754040
68 90 926680
210 199 775880
17 178 1271920
252 254 589880
17 38 144920
239 200 706960
128 193 478640
84 155 1157400
195 97 303040
109 186 287600
134 100 307120
78 53 484000
131 247 418960
91 65 261280
91 219 521040
8 25 748960
167 243 307440
207 128 21720
112 47 524400
173 20 852720
129 52 1290880
135 14 378600
33 241 994160
27 84 635320
139 204 1111760
46 90 932920
199 190 69560
148 155 854280
121 36 643840
97 125 87960
111 199 1141480
35 119 187120
9 61 1153720
116 145 1157040
211 205 849120
178 83 373000
195 167 449080
81 119 987360
171 161 766640
108 148 1241200
29 243 890280
149 125 720120
52 38 136400
45 80 117920
82 188 579840
177 148 1200320
55 129 868840
211 253 263480
106 145 30480
86 183 586840
110 139 205560
222 198 1137800
204 89 689240
108 174 147720
126 116 1232960
175 220 1014000
174 120 1190200
191 51 355520
213 133 806280
171 205 1135680
161 57 728240
22 249 1103240
177 138 1288560
233 35 710080
43 223 292400
162 86 978040
229 133 787560
5 24 661720
183 224 1249800
63 57 88200
25 193 933200
9 59 600800
201 58 245360
217 200 1066200
183 101 386120
243 219 381560
200 87 352200
62 222 332400
94 222 835920
113 111 981440
255 141 329240
173 27 341800
127 131 829600
219 196 37520
86 239 962960
241 233 59720
22 53 614320
206 197 828560
238 251 1108680
80 17 1025640
118 56 608600
201 115 201360
37 14 437520
227 150 259080
23 226 87080
246 12 1032920
70 133 92440
13 91 739320
243 103 524080
163 124 318920
12 154 623840
254 6 267880
153 78 353240
68 138 825400
106 19 838720
254 38 379160
47 148 1044760
229 118 165120
180 34 820400
90 201 1308880
2 163 1198960
182 142 752240
77 224 1235920
244 37 777560
151 73 995240
60 173 691600
59 41 477440
165 75 181000
108 83 919520
9 197 247400
165 79 29640
161 39 763320
222 168 389240
21 126 644640
37 73 1232840
230 222 411480
42 50 632600
18 25 1183400
134 229 1257880
146 254 1204120
186 251 692720
73 150 1107920
203 186 1053640
103 23 1253520
164 177 206320
158 155 1101560
183 63 1172120
40 121 1036200
135 22 1183720
80 242 24240
147 225 135760
73 234 511000
79 65 1293960
20 250 1242720
57 196 114520
38 96 955720
235 216 328320
119 219 224280
113 61 681240
244 121 294480
185 226 1284520
34 91 242000
24 40 237800
7 241 1054360
78 35 156320
201 119 915680
135 182 58600
70 47 1176040
91 207 9600
92 11 716160
246 238 622480
18 192 1202320
82 253 1302720
108 172 161840
146 185 924800
191 10 546720
247 174 219200
108 95 1039400
44 124 881280
157 73 262440
89 222 316840
142 228 728640
73 210 340560
169 13 1209480
241 237 1163280
109 88 74480
225 91 1011120
97 206 613640
145 243 499200
127 241 844520
214 107 1073920
23 249 703800
35 22 472960
123 103 999440
42 166 851120
74 253 574240
245 73 1175840
222 40 326640
125 171 1151120
24 172 1219040
134 227 6840
161 56 665360
186 221 792080
230 171 1245160
39 113 1062400
183 53 171040
244 24 23840
236 98 373960
31 145 110160
12 57 953360
51 72 1279640
82 237 1195200
105 70 656040
183 235 1194240
237 50 111840
98 32 947120
133 166 941960
158 173 965280
177 166 77320
148 87 1032600
195 23 708800
129 84 427440
139 113 831160
157 30 709120
150 176 106240
159 18 177520
219 212 50520
43 6 789080
63 230 1103680
12 97 978720
99 22 798960
39 206 256280
133 51 700560
180 128 580040
72 141 901480
162 212 840160
166 193 795920
78 236 997960
29 155 324680
46 124 1224240
17 85 1178440
93 60 772880
66 13 1058320
69 114 61
245 75 805880
247 41 1027000
84 91 77
200 225 980720
18 8 1111800
35 145 540040
61 202 319120
53 18 1202440
135 255 272680
247 130 521360
98 53 266640
85 249 247000
202 130 193480
189 116 108040
88 121 970960
215 64 1233520
21 55 36680
27 167 368800
125 113 735000
2 43 718520
102 212 335320
17 161 490480
58 110 978
50 26 740440
164 17 856040
70 95 745
136 229 60880
122 94 64
238 169 1151680
201 141 524040
197 254 913400
249 181 303240
48 92 106520
243 38 1260000
9 249 1289640
240 220 1003840
175 61 42880
101 108 963520
104 172 140040
130 205 850160
58 104 556040
121 126 145
89 10 1139520
173 25 159760
4 88 551920
54 240 83480
89 243 371760
137 235 66760
51 107 706400
51 32 673400
130 163 283480
80 207 581240
44 241 237720
121 192 608480
182 136 341920
243 137 530680
16 154 209200
162 18 968760
81 246 639040
163 85 1072120
162 9 1008040
232 176 341200
250 124 825040
144 139 794120
47 14 770600
44 30 1230560
241 91 1283680
194 120 85840
30 95 779120
49 150 662280
120 83 797520
174 216 369600
34 36 294920
77 236 1235360
199 213 37600
245 203 738960
76 71 967280
43 122 1203680
73 122 2
122 126 1107440
212 142 929800
12 206 198800
111 65 110680
247 146 132040
107 16 716880
23 122 334480
14 218 440760
158 41 955440
246 189 591680
4 72 245160
12 116 175960
162 87 542320
86 138 127160
182 122 1075240
86 4 868560
3 139 909320
130 93 726320
133 172 258880
138 67 317560
5 208 508440
175 162 395640
251 36 758120
65 128 333880
131 126 1173400
197 244 317800
150 59 1028360
231 50 975480
189 34 142520
110 210 329880
72 205 943080
180 116 299040
141 122 1021000
153 238 392400
253 11 859640
118 163 297600
104 198 378800
186 185 495640
221 97 205680
196 10 793280
7 122 564040
208 227 673040
97 83 946
242 81 1227240
102 157 512840
125 121 852480
36 130 605240
47 46 242840
28 10 1044720
172 51 519440
93 190 34960
66 217 1236800
91 88 34520
92 7 979760
124 65 1096160
216 124 269200
200 125 916720
150 173 45880
33 31 427080
125 35 1084000
204 57 878360
157 222 531800
148 77 978320
238 54 455440
28 23 756960
160 213 1283800
252 103 169480
147 236 799000
71 80 758400
43 124 554600
69 25 1127960
127 212 645480
122 27 38880
252 14 406000
222 237 497000
175 176 31400
43 136 777320
100 76 145760
131 34 101480
235 46 1037520
250 220 860280
16 41 848840
83 121 997
161 126 847000
190 74 1014440
113 190 1266600
4 37 1013720
120 22 477000
209 215 892760
132 161 1104000
158 55 236080
202 192 1208640
42 82 1260160
145 117 890280
195 37 409360
66 169 501400
191 82 931760
15 47 1300800
66 135 349840
236 100 95480
253 167 623600
141 43 216400
239 106 1147080
49 189 365600
77 152 170600
148 46 554840
135 117 100040
104 232 1150320
226 184 1180080
54 55 174960
144 245 168040
141 39 524000
43 251 784640
144 8 108000
200 93 586280
223 92 887360
132 30 895040
66 146 419920
101 97 145
164 98 1022920
43 187 120840
208 182 568520
139 134 77040
139 40 821120
18 114 876240
172 143 247320
137 41 1189600
27 14 405360
178 231 884320
1 190 562160
36 83 609920
137 136 1190400
54 60 167520
44 216 1304320
32 170 12400
190 162 506440
239 3 623120
220 130 243760
46 82 1256440
126 166 895920
95 105 23
236 30 641680
33 73 1148640
152 151 35080
145 161 472240
199 109 147680
18 80 975440
236 237 1124400
189 86 345840
121 152 722120
36 26 1088040
74 119 960880
86 81 565280
12 200 1050120
65 78 6
78 217 1003440
118 57 497
47 195 1189880
39 144 432560
120 28 123600
129 182 1109160
41 145 143560
89 208 1169480
151 41 366720
159 161 1260560
179 64 101640
254 86 170920
231 86 247840
32 236 549760
172 180 645240
231 222 287160
62 107 315400
130 11 428800
137 131 279560
226 139 1028000
36 88 1222480
56 94 212560
7 250 459080
28 158 666800
230 102 1069160
149 242 188000
198 199 726280
56 69 326040
67 62 1241800
151 221 145600
28 234 1115480
142 173 377960
34 161 523480
190 173 1053480
211 103 1004520
251 112 1228040
55 35 950800
54 174 150760
8 31 1172560
240 115 1082400
193 92 559640
144 246 1307400
91 231 1049560
40 233 403920
12 17 287120
149 139 144040
74 41 278760
162 88 761560
222 141 1027320
69 78 264480
7 109 1176520
112 79 812600
117 18 294680
49 14 686280
101 13 631240
254 137 628680
232 178 826520
165 209 399960
164 67 819920
81 10 1100080
73 129 532760
178 161 1260640
95 179 804760
185 245 945240
240 106 113440
197 35 809560
108 212 10320
234 2 29040
70 191 8560
34 217 1275960
19 240 1142000
245 165 65560
182 65 335320
67 116 345
103 27 839960
52 220 507320
5 145 780400
239 57 1244680
239 91 569920
46 107 206240
239 140 255520
173 205 522840
235 42 303120
205 251 310520
74 72 334440
28 217 491480
190 135 112960
72 17 83160
155 254 51160
230 103 1231320
141 10 77120
196 113 1272840
244 97 950680
24 90 1251840
125 84 223560
152 211 801080
231 38 985280
162 43 781960
117 86 185040
221 187 1205000
87 49 1081960
65 154 955240
120 210 121600
108 233 354680
141 128 1132680
76 247 143880
3 140 205880
1 250 617520
53 66 631600
95 4 159200
41 227 756320
50 203 515440
199 107 662920
242 28 381720
33 144 54760
189 44 1135920
227 74 227080
170 186 377120
28 44 472800
54 251 49760
119 20 453920
51 92 9
11 107 320960
156 241 560000
61 127 305000
105 150 1130080
223 189 1000440
50 75 530800
93 35 777040
61 13 1095160
220 208 404360
68 173 672760
33 218 149760
23 162 613360
122 71 969080
233 11 624680
57 82 9456
144 205 192360
158 189 846000
127 56 258920
29 200 1269600
45 90 72120
230 67 859120
170 109 554640
102 218 97760
161 211 624200
235 157 725120
192 67 855280
111 240 964400
251 73 1303120
164 128 481640
137 168 1137440
229 53 1169640
20 194 519720
32 255 410200
205 219 1255040
244 148 679520
177 78 889040
82 156 1009200
73 85 723200
65 159 800560
214 11 275480
152 1 189400
208 159 860920
27 233 112320
167 20 457160
31 25 1227600
106 103 545600
64 166 1109000
211 104 77680
193 46 1152160
166 237 1235600
51 64 299920
95 241 374640
179 156 1226600
202 111 1198520
91 173 1301600
157 170 1155560
65 98 110200
163 5 793720
98 142 426680
29 115 1065000
167 229 654160
254 199 1057760
235 182 43840
53 112 447080
29 15 290440
7 38 1293240
196 179 130440
26 97 366960
82 180 901320
26 197 644600
31 212 706600
244 52 989160
213 30 345080
220 110 560720
152 126 472680
186 191 1135640
167 45 181440
119 128 357640
10 221 837920
182 64 211760
226 245 1137240
88 32 864720
122 48 806080
233 161 381560
197 79 364680
244 55 557560
171 208 348120
181 113 1097320
71 217 124480
93 147 401880
62 238 885480
59 179 953080
129 62 991000
63 221 1036720
69 160 372600
14 211 1124960
222 161 1292920
169 50 1121480
115 118 11
8 61 918560
244 157 450280
99 140 18560
25 14 512360
73 192 883520
205 186 1160440
224 209 509880
251 125 20360
3 9 912080
106 193 632520
73 184 265960
230 18 1303840
197 55 76560
211 238 227480
253 188 160800
160 238 638960
93 1 57800
21 208 168560
98 233 992800
25 188 426880
13 134 136120
224 140 589640
232 154 334360
72 210 681080
226 8 642200
13 67 258400
97 214 987840
149 95 699480
193 29 778840
78 202 827040
218 51 16560
102 49 1234920
5 45 21440
114 89 345
8 234 28680
45 128 393080
138 142 342600
28 18 722000
254 19 735280
13 221 1148640
130 104 290800
31 252 746960
71 161 533400
166 130 973160
83 64 522920
171 72 522680
94 161 932120
230 191 1083800
106 132 557280
1 92 1019200
139 95 1018000
246 143 332880
90 193 328440
61 59 592920
199 103 59400
73 82 993240
247 125 1131720
31 135 219560
191 60 368800
88 149 832720
10 142 931920
135 138 1286400
94 126 1123640
244 43 217440
51 192 239840
36 202 219600
138 186 699800
168 126 501120
146 195 200800
16 203 947040
124 32 169720
98 160 992280
84 43 90320
196 39 833600
43 221 1126400
249 251 679960
93 92 99560
60 230 914240
115 190 1191520
37 243 83960
204 251 478520
73 194 385760
176 163 73280
96 140 1076360
1 6 1180400
149 247 1258640
161 182 334400
54 118 1266560
125 33 1118760
224 147 353960
69 176 736120
220 143 887640
85 243 894680
158 42 653800
36 7 765640
243 249 1183200
60 151 652800
46 56 1075640
35 11 813960
212 236 204840
224 68 1009080
76 20 989000
69 43 1031280
184 107 960240
90 39 242760
210 50 888000
210 79 53680
193 189 326080
166 194 287640
136 140 404320
49 64 1164640
175 246 1129080
11 180 914600
204 124 1126960
219 63 241160
53 27 1120800
215 49 1283080
157 174 184320
25 5 566080
47 88 896640
58 14 191080
112 93 458280
20 136 595680
82 161 839920
11 100 1065920
40 23 478280
22 170 111240
133 139 956080
148 128 542200
159 90 279000
60 194 150120
22 119 333120
18 50 779800
150 203 380160
236 24 681080
3 224 276920
176 131 1235040
213 21 972400
224 246 1061800
58 61 1040840
207 94 29400
238 79 884720
175 28 203120
171 67 1218480
66 179 369480
82 193 791120
177 153 135920
30 139 1089240
48 123 114920
141 93 206200
27 255 653320
4 166 918640
59 205 569880
153 161 1154840
29 179 1221280
110 39 308400
224 220 609360
22 41 152200
74 142 608680
5 240 240760
192 210 1088520
174 245 1084440
252 146 733080
138 147 61520
3 52 1296520
237 174 196240
60 2 963240
245 58 322720
8 88 313520
78 55 329880
132 74 525920
228 177 1160440
102 59 931720
140 133 312320
25 225 1049800
218 225 1283400
95 147 265360
89 31 772680
124 157 1261040
92 158 590640
194 225 1226960
212 86 1100240
157 118 1262720
80 128 658400
123 106 490280
188 54 16160
141 49 954640
187 125 183520
9 131 49080
221 42 427840
255 188 1028480
56 205 907240
89 58 16
59 96 1210480
34 250 1068280
147 172 487840
151 145 1029720
194 70 992640
68 70 738160
34 228 854520
208 44 623880
246 72 109200
40 244 579840
141 62 37280
25 150 325320
10 217 169920
219 49 1108560
5 151 335880
180 42 110040
104 132 1023560
11 113 1051480
58 69 404200
21 229 161200
225 64 404520
97 24 731160
20 242 939560
156 111 771000
118 172 589560
245 239 677800
21 162 766080
193 109 586080
131 224 1029640
35 32 819000
80 57 341560
146 52 1288760
103 231 1211680
107 172 1058880
92 192 626280
7 49 669280
116 183 201280
217 74 120840
153 188 1140000
72 24 836080
113 134 509360
141 244 1258040
148 2 1264600
139 211 268280
46 55 1196560
38 195 287480
227 90 339960
49 188 877760
48 237 1262360
34 138 460400
240 195 501960
251 208 986200
52 91 60320
169 140 292880
23 145 348720
145 175 1246840
155 245 1278600
45 153 603560
102 137 590080
1 187 835000
117 188 434560
129 159 369560
86 227 615600
153 10 231920
225 69 377720
203 14 895200
108 157 803760
1 106 1167360
27 24 9160
15 151 386160
107 39 759960
40 102 620440
86 175 1165280
182 72 747240
146 255 470840
180 45 519760
214 85 937600
45 93 1145560
230 122 344600
100 3 926640
184 42 328840
157 27 204600
105 43 586120
53 73 1179280
35 175 420000
186 82 655680
216 214 118040
248 33 136800
232 153 997440
174 80 809200
49 179 834600
99 51 823
225 134 1083720
169 38 478720
99 88 836200
73 254 460360
34 224 397120
5 195 600240
92 248 963040
163 36 1086280
194 248 822680
181 111 718760
76 163 1035280
56 122 520560
105 83 969000
52 50 917640
80 101 773920
105 39 1185200
162 44 506200
130 253 938800
242 84 586680
110 121 333160
53 161 808280
25 84 865000
138 194 612240
226 68 1096400
115 146 678720
135 88 115000
232 27 178760
66 116 478320
227 142 793440
239 93 238360
135 103 921280
35 202 394080
132 60 24720
58 175 1249200
192 39 703960
168 71 783040
31 238 146760
29 248 659440
206 149 976800
72 62 1086920
91 73 1
168 22 840560
84 192 985480
166 51 923720
40 110 1044720
255 101 1298520
151 95 644360
176 129 910880
229 143 985680
40 219 589880
246 30 654880
105 29 1215600
127 215 273280
240 157 51160
244 123 323440
66 187 245960
100 166 672360
82 212 1146280
50 32 332440
233 105 614040
45 203 816840
40 103 568760
145 65 494280
103 237 161840
31 50 32360
150 211 1194560
1 237 1018160
250 181 560080
134 182 31560
28 6 633200
191 249 1123600
187 104 717520
227 199 437760
169 108 320600
239 188 792560
61 168 357080
237 209 1025160
126 174 660000
92 210 546160
218 113 458840
99 209 200560
82 69 1204800
23 236 911240
183 19 1078480
183 173 36280
240 184 30120
201 177 530480
223 169 1289120
18 182 1125400
49 46 682280
78 22 586880
173 76 346680
240 179 726680
209 114 462480
92 196 1104760
14 173 151800
78 240 118800
156 28 484480
27 37 570480
197 228 312240
249 115 442320
238 163 1271000
115 41 1020960
194 110 1122560
120 127 1019200
169 37 437200
40 182 1120840
195 102 1057240
167 154 803920
62 21 305400
147 234 222720
108 251 1046560
11 24 685240
228 201 715320
87 29 777800
90 33 857440
176 154 964800
187 119 234120
109 76 731400
139 158 377160
120 7 628840
180 251 1154120
149 195 1069600
229 142 764960
179 31 460400
143 163 852560
60 204 838040
149 177 697760
220 173 966240
47 220 388520
113 185 1159680
79 151 761720
98 14 1297920
250 160 753000
47 127 1279320
118 5 553360
61 110 956120
112 92 1020600
12 106 605920
9 2 1001680
176 155 984000
181 192 854840
242 193 1108520
19 129 244040
158 241 590880
12 18 480640
112 19 684160
177 89 928800
98 232 469080
215 230 1177440
97 196 507800
41 207 506800
243 83 405880
64 234 241200
104 55 171720
222 73 498960
104 113 47520
46 12 447600
134 60 402320
189 173 919640
45 108 216680
237 22 566080
76 157 657240
223 172 1144920
177 75 946360
131 174 1087080
154 219 507720
193 55 1049560
64 134 431400
38 255 1092680
155 40 656400
76 220 1084640
241 34 1320
232 18 296920
102 76 859200
22 58 595680
141 103 1099360
57 212 240520
92 65 1456
49 228 1213000
7 72 222680
185 246 660960
116 70 146
238 30 375880
221 88 767920
81 74 986560
61 195 365680
143 138 226240
146 190 304920
248 223 602040
180 155 172560
103 68 76680
195 254 626120
106 157 481360
96 35 715160
33 176 1307800
37 180 516080
181 246 663200
203 215 1266120
147 40 279280
234 225 278120
245 120 1197840
133 14 160720
168 38 191080
132 233 423000
104 177 1009800
48 29 227800
202 137 561520
89 77 940440
37 47 665360
100 96 1213160
131 77 1241440
74 228 1134720
144 87 863520
100 151 601040
168 196 954480
108 91 670920
178 176 224720
235 189 552120
144 169 685720
238 150 77920
40 95 1134240
146 145 690840
83 128 1257000
225 166 1056080
30 75 399720
149 135 532600
165 70 1303840
41 226 222920
40 7 278640
63 151 394840
49 82 17600
3 33 1304000
139 200 1160120
59 235 669120
102 223 999760
127 219 547400
246 70 1275840
79 182 400280
105 84 57
89 239 574000
43 100 594120
32 149 167080
74 64 858440
107 210 93680
208 230 856440
201 244 96800
221 134 725440
200 185 100920
139 165 602640
39 145 945760
89 181 77440
82 38 116160
242 223 169240
122 250 60760
149 174 1224880
118 11 662280
101 30 279560
7 123 1147960
180 50 295760
62 228 101560
188 86 113920
219 190 1049160
117 216 776440
191 6 745360
7 251 565400
130 207 527360
11 140 785760
188 33 1242640
152 185 1006520
88 14 1400
49 129 950120
193 122 206240
159 21 170520
79 207 751520
62 93 223120
213 19 482400
248 173 942360
85 155 729480
216 206 410560
223 193 409720
61 138 845600
197 59 376040
102 29 157040
74 85 784680
52 223 578960
21 129 629120
218 186 72920
98 237 171320
21 7 306520
207 122 1013000
189 24 476920
61 173 1011160
56 23 187320
103 148 1263800
244 190 4880
138 59 750880
202 33 1178600
63 48 969720
215 39 625960
95 6 152760
150 62 206520
152 52 135560
211 53 831440
97 72 527040
250 97 855480
11 62 373960
8 252 429240
32 41 777680
70 49 498320
121 80 267960
108 236 1223440
94 26 110600
19 201 211960
103 167 627760
176 241 204840
4 15 595280
110 49 4
106 148 1192040
71 25 1165840
125 95 621720
40 111 1267840
154 49 1033880
204 255 431200
45 173 716680
225 73 1296840
24 15 1084960
196 166 56960
131 102 1078640
86 210 635040
50 131 1019000
74 18 574680
159 235 1135760
151 148 993920
196 35 1038600
72 60 754920
72 221 307080
175 158 433480
141 226 1244000
224 89 447280
159 147 743760
158 206 102040
48 47 917160
32 69 1185040
166 77 1289280
172 52 903920
184 164 1092800
244 35 852400
197 36 416920
219 38 591080
219 102 1131600
229 245 1130840
175 223 174680
227 43 1033040
94 101 267
58 103 899240
101 17 887280
79 12 1011120
222 192 298720
85 40 135560
47 92 97880
199 181 682800
190 207 97720
88 202 1147320
112 137 958160
121 111 966000
181 25 347480
124 110 1135080
253 186 502800
161 206 1112080
9 193 496920
105 151 1268160
235 194 472960
1 153 1000600
82 109 1296640
91 51 6960
219 25 713160
22 127 809520
158 145 920680
197 47 158400
97 181 933520
183 225 1165480
126 86 764
75 92 981440
170 212 85040
29 22 991720
71 242 770840
8 32 1254800
81 122 72600
162 173 1300480
153 92 1172080
147 201 1242480
40 100 465560
84 62 514160
176 27 215120
98 9 741400
83 33 96880
174 95 311000
112 182 482400
57 160 1239280
106 156 410440
68 255 1199280
182 200 1239440
184 62 269760
121 238 1285480
148 185 448400
24 67 835080
164 81 218160
194 79 382600
194 227 647280
67 179 705520
53 206 253280
110 4 847840
198 51 349240
76 232 1174400
21 219 169120
70 180 312880
26 250 491120
82 81 167400
55 178 784280
181 78 406280
140 46 236280
24 207 9680
84 106 1115800
77 249 167600
60 108 369680
175 112 442880
36 94 465480
117 179 622080
166 43 1236720
42 174 852280
182 102 605840
31 4 1115600
64 21 783480
226 64 351360
245 173 1062200
198 140 696360
209 4 1211640
170 54 577280
15 169 163680
97 59 1000
129 31 350600
224 161 1198680
28 123 459080
244 13 698720
85 186 679240
149 81 777680
144 95 457320
11 86 26000
6 69 782640
24 135 82120
80 60 441680
52 13 31840
70 173 425800
75 126 987360
21 75 465360
143 187 258000
180 248 988240
222 243 1090120
104 178 1157240
125 110 938360
234 111 136520
165 243 117080
116 118 49080
168 59 333120
247 119 1018640
220 106 1072800
188 146 269520
64 10 617560
128 39 1227760
67 102 630640
77 175 176200
60 57 165560
50 67 1244960
212 242 700920
24 183 1006920
253 180 436440
52 192 1161840
10 117 134840
84 198 580520
147 215 977000
188 228 108480
223 77 945920
83 10 361240
129 198 563760
57 167 1107160
136 147 442200
144 196 1043240
58 40 426760
195 182 107760
219 104 529440
78 193 732080
64 15 144240
231 93 994440
202 175 444320
195 252 171720
26 176 1027080
9 31 305720
71 98 595680
114 180 1055080
19 126 996240
32 139 1300200
64 147 761800
47 101 247960
188 48 565880
190 126 69680
213 140 351600
90 229 1300560
147 120 777120
118 183 922560
4 230 643960
44 24 1087360
48 79 797240
5 140 1044840
17 155 566760
100 179 1277320
146 98 1248920
242 146 1211880
169 210 470480
163 78 474840
214 160 1078000
185 117 824520
17 255 90560
164 147 821720
179 50 256320
63 185 858120
149 84 957480
11 221 923440
175 204 1273040
208 82 788240
52 104 1129680
173 244 31280
12 50 694280
66 208 105160
236 130 336920
154 95 911160
61 132 617720
61 76 561800
244 5 801280
72 216 135720
154 190 569480
115 236 1026640
237 168 911840
168 177 23240
28 64 237040
243 244 265120
84 224 397440
97 38 1224120
203 17 749840
60 159 38840
126 218 669760
146 157 901640
210 35 723160
111 168 1275080
203 39 896960
85 210 583520
43 225 171160
42 250 582840
113 219 656560
80 187 904320
246 100 1232760
240 205 139640
62 65 879840
210 16 789760
202 233 1103960
15 35 111640
129 12 65080
79 215 60680
146 220 774960
112 25 278400
246 136 1201040
161 83 220480
93 42 536240
238 123 1021080
151 72 871320
6 47 1297000
191 5 257160
3 161 424200
127 182 455360
16 179 1249880
12 229 745080
109 12 646280
208 157 220680
142 172 1071640
60 234 1216520
116 170 271200
33 70 625680
147 134 506160
47 108 474720
7 243 1132640
187 247 1215880
179 68 614120
164 178 1227280
249 139 697160
3 90 1283160
195 141 629760
252 66 257440
93 64 46920
16 114 620240
199 255 1063160
203 25 243680
254 75 628160
217 5 1148680
129 79 1061240
95 81 280760
142 195 685240
87 156 594120
69 109 1098880
193 205 205320
14 32 1262480
83 96 582480
180 140 264920
63 204 1005880
49 45 819440
244 221 533520
73 117 522520
196 124 168040
158 40 191680
141 120 680120
61 167 96320
47 232 1061600
202 241 1257360
233 72 659560
109 41 273920
86 168 588040
62 25 1083760
59 103 763000
46 192 775280
49 99 545
69 30 603080
221 246 963640
118 18 930240
199 23 823440
59 158 239400
245 93 362400
191 120 661280
40 203 956920
112 205 1150760
183 150 1272120
25 94 1218200
243 194 202560
119 43 754840
54 66 347240
191 225 86360
182 29 1286920
208 189 1093280
110 19 686080
208 217 528240
67 17 655120
98 83 511280
235 50 787400
88 49 393080
155 13 192160
134 91 41080
162 40 557160
121 122 1119440
193 243 1194000
255 56 1022760
167 17 628520
117 181 381200
18 203 829560
219 246 911800
73 215 690360
108 73 206440
190 10 1296880
187 78 319040
113 65 680400
145 73 873000
94 92 511320
19 16 1118240
238 41 794760
124 120 507760
203 68 1216520
103 153 845840
126 200 1260040
144 69 364000
26 17 222680
214 251 131640
219 79 610480
108 71 505480
33 143 1087800
104 40 178720
79 41 465920
101 213 565200
250 77 711760
104 223 875600
5 34 1103000
129 60 521840
33 20 938440
155 118 926640
37 149 164720
35 98 367400
247 27 516040
6 17 150720
225 11 240160
34 11 57200
79 168 192760
102 247 1169480
15 65 161400
60 63 310080
97 145 1155960
235 65 539600
184 98 810040
202 190 758440
130 179 77200
58 4 772480
192 227 842960
14 21 900960
23 172 83760
147 247 116720
245 13 838800
14 84 160160
110 23 528200
127 136 1260800
33 157 257040
220 234 1082120
233 91 85400
251 66 627520
178 184 199480
14 73 254480
25 79 1224600
62 181 11560
156 233 331960
253 40 499520
223 168 596400
176 57 1279920
4 30 752160
117 49 534840
222 64 1021560
124 61 1242960
15 172 412360
220 243 485440
162 233 994560
39 94 422360
62 154 1235680
242 35 135000
106 107 1164680
108 25 1293240
12 125 251960
121 77 563200
221 204 811440
235 87 1171320
229 228 1307760
35 208 842680
7 225 379800
184 213 948320
7 107 155920
31 187 278920
174 44 880680
44 141 1070840
29 146 1221600
